t x(t) v(t)
0  1.1  1
0.1  1.115  1.2
0.2  1.10007  1.2
0.3  1.07534  1.2
0.4  1.04106  1.2
0.5  0.997583  1.2
0.6  0.945336  1.2
0.7  0.884842  1.2
0.8  0.816707  1.2
0.9  0.74161  1.2
1  0.660302  1.2
1.1  0.573596  1.2
1.2  0.482358  1.2
1.3  0.387499  1.2
1.4  0.289967  1.2
1.5  0.190737  1.2
1.6  0.0908005  1.2
1.7  -0.00884449  1.2
1.8  -0.107202  1.2
1.9  -0.20329  1.2
2  -0.296147  1.2
2.1  -0.384846  1.2
2.2  -0.468501  1.2
2.3  -0.546276  1.2
2.4  -0.617394  1.2
2.5  -0.681144  1.2
2.6  -0.736889  1.2
2.7  -0.784072  1.2
2.8  -0.822222  1.2
2.9  -0.850958  1.2
3  -0.869992  1.2
3.1  -0.879135  1.2
3.2  -0.878295  1.2
3.3  -0.86748  1.2
3.4  -0.846798  1.2
3.5  -0.816457  1.2
3.6  -0.776758  1.2
3.7  -0.7281  1.2
3.8  -0.670968  1.2
3.9  -0.605932  1.2
4  -0.533644  1.2
4.1  -0.454824  1.2
4.2  -0.370261  1.2
4.3  -0.280799  1.2
4.4  -0.187333  1.2
4.5  -0.0907958  1.2
4.6  0.00784747  1.2
4.7  0.107611  1.2
4.8  0.207499  1.2
4.9  0.306512  1.2
5  0.403662  1.2
5.1  0.497978  1.2
5.2  0.588517  1.2
5.3  0.674374  1.2
5.4  0.754693  1.2
5.5  0.82867  1.2
5.6  0.895566  1.2
5.7  0.954713  1.2
5.8  1.00552  1.2
5.9  1.04748  1.2
6  1.08017  1.2
6.1  1.10327  1.2
6.2  1.11654  1.2
6.3  1.11986  1.2
6.4  1.11318  1.2
6.5  1.09659  1.2
6.6  1.07023  1.2
6.7  1.03438  1.2
6.8  0.989397  1.2
6.9  0.935725  1.2
7  0.873902  1.2
7.1  0.804547  1.2
7.2  0.728351  1.2
7.3  0.646078  1.2
7.4  0.558547  1.2
7.5  0.466635  1.2
7.6  0.37126  1.2
7.7  0.273374  1.2
7.8  0.173955  1.2
7.9  0.0739979  1.2
8  -0.0255  1.2
8.1  -0.123544  1.2
8.2  -0.219155  1.2
8.3  -0.311377  1.2
8.4  -0.399289  1.2
8.5  -0.482012  1.2
8.6  -0.55872  1.2
8.7  -0.628647  1.2
8.8  -0.691093  1.2
8.9  -0.745435  1.2
9  -0.79113  1.2
9.1  -0.827722  1.2
9.2  -0.854844  1.2
9.3  -0.872225  1.2
9.4  -0.879693  1.2
9.5  -0.877172  1.2
9.6  -0.864688  1.2
9.7  -0.842365  1.2
9.8  -0.810426  1.2
9.9  -0.769191  1.2
10  -0.719072  1.2
10.1  -0.660568  1.2
10.2  -0.594266  1.2
10.3  -0.520826  1.2
10.4  -0.440984  1.2
10.5  -0.355537  1.2
10.6  -0.265338  1.2
10.7  -0.171289  1.2
10.8  -0.0743299  1.2
10.9  0.0245711  1.2
11  0.124426  1.2
11.1  0.224236  1.2
11.2  0.323005  1.2
11.3  0.419745  1.2
11.4  0.513491  1.2
11.5  0.603305  1.2
11.6  0.68829  1.2
11.7  0.767596  1.2
11.8  0.840432  1.2
11.9  0.90607  1.2
12  0.963854  1.2
12.1  1.01321  1.2
12.2  1.05363  1.2
12.3  1.08473  1.2
12.4  1.10619  1.2
12.5  1.1178  1.2
12.6  1.11943  1.2
12.7  1.11108  1.2
12.8  1.09283  1.2
12.9  1.06486  1.2
13  1.02745  1.2
13.1  0.980967  1.2
13.2  0.925884  1.2
13.3  0.862749  1.2
13.4  0.792193  1.2
13.5  0.714921  1.2
13.6  0.631704  1.2
13.7  0.543375  1.2
13.8  0.450815  1.2
13.9  0.35495  1.2
14  0.256737  1.2
14.1  0.157158  1.2
14.2  0.0572083  1.2
14.3  -0.0421144  1.2
14.4  -0.139817  1.2
14.5  -0.234924  1.2
14.6  -0.326485  1.2
14.7  -0.413584  1.2
14.8  -0.495352  1.2
14.9  -0.570972  1.2
15  -0.639688  1.2
15.1  -0.700813  1.2
15.2  -0.753737  1.2
15.3  -0.797931  1.2
15.4  -0.832953  1.2
15.5  -0.858453  1.2
15.6  -0.874178  1.2
15.7  -0.879968  1.2
15.8  -0.875768  1.2
15.9  -0.861618  1.2
16  -0.837659  1.2
16.1  -0.804133  1.2
16.2  -0.761372  1.2
16.3  -0.709806  1.2
16.4  -0.649948  1.2
16.5  -0.582397  1.2
16.6  -0.507828  1.2
16.7  -0.426986  1.2
16.8  -0.340679  1.2
16.9  -0.249768  1.2
17  -0.155163  1.2
17.1  -0.0578091  1.2
17.2  0.0413218  1.2
17.3  0.141239  1.2
17.4  0.240944  1.2
17.5  0.33944  1.2
17.6  0.435744  1.2
17.7  0.528893  1.2
17.8  0.617956  1.2
17.9  0.702044  1.2
18  0.780317  1.2
18.1  0.851991  1.2
18.2  0.916352  1.2
18.3  0.972757  1.2
18.4  1.02064  1.2
18.5  1.05952  1.2
18.6  1.08902  1.2
18.7  1.10884  1.2
18.8  1.11877  1.2
18.9  1.11873  1.2
19  1.1087  1.2
19.1  1.0888  1.2
19.2  1.05922  1.2
19.3  1.02025  1.2
19.4  0.972292  1.2
19.5  0.915815  1.2
19.6  0.851386  1.2
19.7  0.779649  1.2
19.8  0.701322  1.2
19.9  0.617186  1.2
20  0.528082  1.2
20.1  0.434901  1.2
20.2  0.338573  1.2
20.3  0.240062  1.2
20.4  0.140351  1.2
20.5  0.0404364  1.2
20.6  -0.058683  1.2
20.7  -0.156017  1.2
20.8  -0.250593  1.2
20.9  -0.341467  1.2
21  -0.427729  1.2
21.1  -0.508519  1.2
21.2  -0.583029  1.2
21.3  -0.650514  1.2
21.4  -0.710301  1.2
21.5  -0.761792  1.2
21.6  -0.804472  1.2
21.7  -0.837915  1.2
21.8  -0.861787  1.2
21.9  -0.875849  1.2
22  -0.879961  1.2
22.1  -0.874082  1.2
22.2  -0.85827  1.2
22.3  -0.832683  1.2
22.4  -0.797578  1.2
22.5  -0.753305  1.2
22.6  -0.700305  1.2
22.7  -0.63911  1.2
22.8  -0.57033  1.2
22.9  -0.494652  1.2
23  -0.412833  1.2
23.1  -0.32569  1.2
23.2  -0.234094  1.2
23.3  -0.13896  1.2
23.4  -0.041238  1.2
23.5  0.0580947  1.2
23.6  0.158046  1.2
23.7  0.257617  1.2
23.8  0.355813  1.2
23.9  0.451653  1.2
24  0.544179  1.2
24.1  0.632467  1.2
24.2  0.715634  1.2
24.3  0.79285  1.2
24.4  0.863344  1.2
24.5  0.926409  1.2
24.6  0.981418  1.2
24.7  1.02782  1.2
24.8  1.06515  1.2
24.9  1.09304  1.2
25  1.1112  1.2
25.1  1.11946  1.2
25.2  1.11774  1.2
25.3  1.10604  1.2
25.4  1.0845  1.2
25.5  1.05332  1.2
25.6  1.01281  1.2
25.7  0.963377  1.2
25.8  0.905521  1.2
25.9  0.839816  1.2
26  0.766919  1.2
26.1  0.687559  1.2
26.2  0.602527  1.2
26.3  0.512674  1.2
26.4  0.418898  1.2
26.5  0.322135  1.2
26.6  0.223353  1.2
26.7  0.123538  1.2
26.8  0.0236871  1.2
26.9  -0.0752011  1.2
27  -0.172139  1.2
27.1  -0.266158  1.2
27.2  -0.356318  1.2
27.3  -0.441719  1.2
27.4  -0.521508  1.2
27.5  -0.594887  1.2
27.6  -0.661123  1.2
27.7  -0.719554  1.2
27.8  -0.769597  1.2
27.9  -0.810751  1.2
28  -0.842606  1.2
28.1  -0.864842  1.2
28.2  -0.877239  1.2
28.3  -0.879671  1.2
28.4  -0.872114  1.2
28.5  -0.854645  1.2
28.6  -0.827438  1.2
28.7  -0.790764  1.2
28.8  -0.74499  1.2
28.9  -0.690573  1.2
29  -0.628058  1.2
29.1  -0.558068  1.2
29.2  -0.481302  1.2
29.3  -0.398529  1.2
29.4  -0.310575  1.2
29.5  -0.218319  1.2
29.6  -0.122683  1.2
29.7  -0.0246213  1.2
29.8  0.0748851  1.2
29.9  0.174842  1.2
30  0.274251  1.2
30.1  0.372119  1.2
30.2  0.467468  1.2
30.3  0.559345  1.2
30.4  0.646833  1.2
30.5  0.729056  1.2
30.6  0.805194  1.2
30.7  0.874485  1.2
30.8  0.936239  1.2
30.9  0.989836  1.2
31  1.03474  1.2
31.1  1.07051  1.2
31.2  1.09678  1.2
31.3  1.11329  1.2
31.4  1.11987  1.2
31.5  1.11647  1.2
31.6  1.10311  1.2
31.7  1.07992  1.2
31.8  1.04715  1.2
31.9  1.00511  1.2
32  0.954223  1.2
32.1  0.895005  1.2
32.2  0.828043  1.2
32.3  0.754006  1.2
32.4  0.673635  1.2
32.5  0.587732  1.2
32.6  0.497155  1.2
32.7  0.40281  1.2
32.8  0.30564  1.2
32.9  0.206614  1.2
33  0.106723  1.2
33.1  0.00696496  1.2
33.2  -0.0916639  1.2
33.3  -0.188178  1.2
33.4  -0.281613  1.2
33.5  -0.371035  1.2
33.6  -0.45555  1.2
33.7  -0.534316  1.2
33.8  -0.606543  1.2
33.9  -0.671511  1.2
34  -0.72857  1.2
34.1  -0.777151  1.2
34.2  -0.816768  1.2
34.3  -0.847025  1.2
34.4  -0.867619  1.2
34.5  -0.878346  1.2
34.6  -0.879098  1.2
34.7  -0.869867  1.2
34.8  -0.850745  1.2
34.9  -0.821924  1.2
35  -0.783692  1.2
35.1  -0.736431  1.2
35.2  -0.680612  1.2
35.3  -0.616794  1.2
35.4  -0.545613  1.2
35.5  -0.467783  1.2
35.6  -0.384079  1.2
35.7  -0.295339  1.2
35.8  -0.202449  1.2
35.9  -0.106337  1.2
36  -0.00796369  1.2
36.1  0.0916883  1.2
36.2  0.191623  1.2
36.3  0.290842  1.2
36.4  0.388355  1.2
36.5  0.483185  1.2
36.6  0.574387  1.2
36.7  0.661049  1.2
36.8  0.742305  1.2
36.9  0.817344  1.2
37  0.885414  1.2
37.1  0.945837  1.2
37.2  0.998008  1.2
37.3  1.04141  1.2
37.4  1.0756  1.2
37.5  1.10024  1.2
37.6  1.11509  1.2
37.7  1.12  1.2
37.8  1.11492  1.2
37.9  1.09989  1.2
38  1.07507  1.2
38.1  1.04071  1.2
38.2  0.997156  1.2
38.3  0.944834  1.2
38.4  0.88427  1.2
38.5  0.816069  1.2
38.6  0.740914  1.2
38.7  0.659555  1.2
38.8  0.572804  1.2
38.9  0.48153  1.2
39  0.386643  1.2
39.1  0.289092  1.2
39.2  0.189851  1.2
39.3  0.0899127  1.2
39.4  -0.0097252  1.2
39.5  -0.108067  1.2
39.6  -0.20413  1.2
39.7  -0.296954  1.2
39.8  -0.385613  1.2
39.9  -0.469219  1.2
40  -0.546938  1.2
40.1  -0.617993  1.2
40.2  -0.681675  1.2
40.3  -0.737346  1.2
40.4  -0.784451  1.2
40.5  -0.822519  1.2
40.6  -0.85117  1.2
40.7  -0.870117  1.2
40.8  -0.879172  1.2
40.9  -0.878243  1.2
41  -0.867339  1.2
41.1  -0.846571  1.2
41.2  -0.816145  1.2
41.3  -0.776365  1.2
41.4  -0.727629  1.2
41.5  -0.670424  1.2
41.6  -0.605321  1.2
41.7  -0.532971  1.2
41.8  -0.454097  1.2
41.9  -0.369487  1.2
42  -0.279985  1.2
42.1  -0.186488  1.2
42.2  -0.0899275  1.2
42.3  0.00873007  1.2
42.4  0.108499  1.2
42.5  0.208384  1.2
42.6  0.307385  1.2
42.7  0.404514  1.2
42.8  0.4988  1.2
42.9  0.589301  1.2
43  0.675113  1.2
43.1  0.755379  1.2
43.2  0.829296  1.2
43.3  0.896126  1.2
43.4  0.955202  1.2
43.5  1.00593  1.2
43.6  1.04781  1.2
43.7  1.08042  1.2
43.8  1.10343  1.2
43.9  1.11662  1.2
44  1.11984  1.2
44.1  1.11308  1.2
44.2  1.0964  1.2
44.3  1.06996  1.2
44.4  1.03402  1.2
44.5  0.988958  1.2
44.6  0.935211  1.2
44.7  0.873318  1.2
44.8  0.803899  1.2
44.9  0.727646  1.2
45  0.645322  1.2
45.1  0.557749  1.2
45.2  0.465802  1.2
45.3  0.3704  1.2
45.4  0.272496  1.2
45.5  0.173069  1.2
45.6  0.0731107  1.2
45.7  -0.0263787  1.2
45.8  -0.124405  1.2
45.9  -0.21999  1.2
46  -0.312178  1.2
46.1  -0.400047  1.2
46.2  -0.482721  1.2
46.3  -0.559372  1.2
46.4  -0.629235  1.2
46.5  -0.691612  1.2
46.6  -0.74588  1.2
46.7  -0.791496  1.2
46.8  -0.828005  1.2
46.9  -0.855041  1.2
47  -0.872335  1.2
47.1  -0.879715  1.2
47.2  -0.877105  1.2
47.3  -0.864533  1.2
47.4  -0.842123  1.2
47.5  -0.8101  1.2
47.6  -0.768784  1.2
47.7  -0.718588  1.2
47.8  -0.660013  1.2
47.9  -0.593644  1.2
48  -0.520144  1.2
48.1  -0.440249  1.2
48.2  -0.354755  1.2
48.3  -0.264518  1.2
48.4  -0.17044  1.2
48.5  -0.0734586  1.2
48.6  0.0254553  1.2
48.7  0.125314  1.2
48.8  0.225119  1.2
48.9  0.323874  1.2
49  0.420593  1.2
49.1  0.514307  1.2
49.2  0.604082  1.2
49.3  0.68902  1.2
49.4  0.768273  1.2
49.5  0.841048  1.2
49.6  0.906619  1.2
49.7  0.96433  1.2
49.8  1.01361  1.2
49.9  1.05395  1.2
50  1.08497  1.2
50.1  1.10634  1.2
50.2  1.11786  1.2
50.3  1.1194  1.2
50.4  1.11097  1.2
50.5  1.09263  1.2
50.6  1.06457  1.2
50.7  1.02707  1.2
50.8  0.980515  1.2
50.9  0.925358  1.2
51  0.862154  1.2
51.1  0.791535  1.2
51.2  0.714207  1.2
51.3  0.630941  1.2
51.4  0.54257  1.2
51.5  0.449977  1.2
51.6  0.354086  1.2
51.7  0.255857  1.2
51.8  0.156271  1.2
51.9  0.0563219  1.2
52  -0.0429908  1.2
52.1  -0.140675  1.2
52.2  -0.235754  1.2
52.3  -0.327279  1.2
52.4  -0.414335  1.2
52.5  -0.496052  1.2
52.6  -0.571614  1.2
52.7  -0.640265  1.2
52.8  -0.70132  1.2
52.9  -0.754169  1.2
53  -0.798283  1.2
53.1  -0.833222  1.2
53.2  -0.858636  1.2
53.3  -0.874273  1.2
53.4  -0.879975  1.2
53.5  -0.875686  1.2
53.6  -0.861448  1.2
53.7  -0.837403  1.2
53.8  -0.803793  1.2
53.9  -0.760953  1.2
54  -0.70931  1.2
54.1  -0.649381  1.2
54.2  -0.581765  1.2
54.3  -0.507136  1.2
54.4  -0.426242  1.2
54.5  -0.33989  1.2
54.6  -0.248943  1.2
54.7  -0.154309  1.2
54.8  -0.056935  1.2
54.9  0.0422072  1.2
55  0.142127  1.2
55.1  0.241825  1.2
55.2  0.340306  1.2
55.3  0.436586  1.2
55.4  0.529703  1.2
55.5  0.618726  1.2
55.6  0.702766  1.2
55.7  0.780983  1.2
55.8  0.852596  1.2
55.9  0.916889  1.2
56  0.97322  1.2
56.1  1.02103  1.2
56.2  1.05983  1.2
56.3  1.08924  1.2
56.4  1.10897  1.2
56.5  1.11882  1.2
56.6  1.11868  1.2
56.7  1.10857  1.2
56.8  1.08858  1.2
56.9  1.05892  1.2
57  1.01987  1.2
57.1  0.971827  1.2
57.2  0.915277  1.2
57.3  0.85078  1.2
57.4  0.778982  1.2
57.5  0.700599  1.2
57.6  0.616415  1.2
57.7  0.527271  1.2
57.8  0.434058  1.2
57.9  0.337707  1.2
58  0.23918  1.2
58.1  0.139463  1.2
58.2  0.0395511  1.2
58.3  -0.0595568  1.2
58.4  -0.156871  1.2
58.5  -0.251418  1.2
58.6  -0.342254  1.2
58.7  -0.428472  1.2
58.8  -0.50921  1.2
58.9  -0.58366  1.2
59  -0.65108  1.2
59.1  -0.710796  1.2
59.2  -0.76221  1.2
59.3  -0.80481  1.2
59.4  -0.838169  1.2
59.5  -0.861955  1.2
59.6  -0.875929  1.2
59.7  -0.879953  1.2
59.8  -0.873985  1.2
59.9  -0.858085  1.2
60  -0.832413  1.2
60.1  -0.797225  1.2
60.2  -0.752872  1.2
60.3  -0.699797  1.2
60.4  -0.638532  1.2
60.5  -0.569687  1.2
60.6  -0.493951  1.2
60.7  -0.412081  1.2
60.8  -0.324895  1.2
60.9  -0.233263  1.2
61  -0.138102  1.2
61.1  -0.0403614  1.2
61.2  0.0589812  1.2
61.3  0.158933  1.2
61.4  0.258497  1.2
61.5  0.356676  1.2
61.6  0.452491  1.2
61.7  0.544983  1.2
61.8  0.633229  1.2
61.9  0.716347  1.2
62  0.793507  1.2
62.1  0.863937  1.2
62.2  0.926934  1.2
62.3  0.981869  1.2
62.4  1.02819  1.2
62.5  1.06544  1.2
62.6  1.09324  1.2
62.7  1.11132  1.2
62.8  1.11949  1.2
62.9  1.11768  1.2
63  1.1059  1.2
63.1  1.08426  1.2
63.2  1.053  1.2
63.3  1.01241  1.2
63.4  0.9629  1.2
63.5  0.904971  1.2
63.6  0.839199  1.2
63.7  0.766242  1.2
63.8  0.686827  1.2
63.9  0.601749  1.2
64  0.511857  1.2
64.1  0.41805  1.2
64.2  0.321265  1.2
64.3  0.222469  1.2
64.4  0.122649  1.2
64.5  0.0228031  1.2
64.6  -0.076072  1.2
64.7  -0.172988  1.2
64.8  -0.266977  1.2
64.9  -0.357099  1.2
65  -0.442454  1.2
65.1  -0.522189  1.2
65.2  -0.595508  1.2
65.3  -0.661677  1.2
65.4  -0.720037  1.2
65.5  -0.770002  1.2
65.6  -0.811076  1.2
65.7  -0.842846  1.2
65.8  -0.864996  1.2
65.9  -0.877304  1.2
66  -0.879647  1.2
66.1  -0.872003  1.2
66.2  -0.854446  1.2
66.3  -0.827153  1.2
66.4  -0.790397  1.2
66.5  -0.744544  1.2
66.6  -0.690053  1.2
66.7  -0.627468  1.2
66.8  -0.557414  1.2
66.9  -0.480593  1.2
67  -0.39777  1.2
67.1  -0.309774  1.2
67.2  -0.217483  1.2
67.3  -0.121821  1.2
67.4  -0.0237424  1.2
67.5  0.0757724  1.2
67.6  0.175729  1.2
67.7  0.275129  1.2
67.8  0.372979  1.2
67.9  0.468301  1.2
68  0.560143  1.2
68.1  0.647587  1.2
68.2  0.72976  1.2
68.3  0.80584  1.2
68.4  0.875068  1.2
68.5  0.936751  1.2
68.6  0.990274  1.2
68.7  1.0351  1.2
68.8  1.07078  1.2
68.9  1.09697  1.2
69  1.11339  1.2
69.1  1.11989  1.2
69.2  1.11639  1.2
69.3  1.10294  1.2
69.4  1.07967  1.2
69.5  1.04681  1.2
69.6  1.00469  1.2
69.7  0.953733  1.2
69.8  0.894443  1.2
69.9  0.827415  1.2
70  0.753319  1.2
70.1  0.672895  1.2
70.2  0.586947  1.2
70.3  0.496333  1.2
70.4  0.401958  1.2
70.5  0.304767  1.2
70.6  0.205729  1.2
70.7  0.105835  1.2
70.8  0.00608254  1.2
70.9  -0.0925319  1.2
71  -0.189023  1.2
71.1  -0.282426  1.2
71.2  -0.371808  1.2
71.3  -0.456277  1.2
71.4  -0.534987  1.2
71.5  -0.607153  1.2
71.6  -0.672053  1.2
71.7  -0.72904  1.2
71.8  -0.777543  1.2
71.9  -0.817078  1.2
72  -0.847251  1.2
72.1  -0.867758  1.2
72.2  -0.878397  1.2
72.3  -0.87906  1.2
72.4  -0.86974  1.2
72.5  -0.850532  1.2
72.6  -0.821626  1.2
72.7  -0.783312  1.2
72.8  -0.735972  1.2
72.9  -0.680079  1.2
73  -0.616193  1.2
73.1  -0.54495  1.2
73.2  -0.467064  1.2
73.3  -0.383312  1.2
73.4  -0.294531  1.2
73.5  -0.201608  1.2
73.6  -0.105472  1.2
73.7  -0.00708278  1.2
73.8  0.0925761  1.2
73.9  0.192509  1.2
74  0.291717  1.2
74.1  0.38921  1.2
74.2  0.484013  1.2
74.3  0.575178  1.2
74.4  0.661796  1.2
74.5  0.743  1.2
74.6  0.81798  1.2
74.7  0.885985  1.2
74.8  0.946337  1.2
74.9  0.998433  1.2
75  1.04175  1.2
75.1  1.07586  1.2
75.2  1.10042  1.2
75.3  1.11518  1.2
75.4  1.12  1.2
75.5  1.11483  1.2
75.6  1.09971  1.2
75.7  1.07481  1.2
75.8  1.04037  1.2
75.9  0.99673  1.2
76  0.944331  1.2
76.1  0.883697  1.2
76.2  0.815431  1.2
76.3  0.740218  1.2
76.4  0.658807  1.2
76.5  0.572012  1.2
76.6  0.480702  1.2
76.7  0.385787  1.2
76.8  0.288216  1.2
76.9  0.188965  1.2
77  0.089025  1.2
77.1  -0.0106058  1.2
77.2  -0.108932  1.2
77.3  -0.20497  1.2
77.4  -0.297761  1.2
77.5  -0.386379  1.2
77.6  -0.469936  1.2
77.7  -0.5476  1.2
77.8  -0.618592  1.2
77.9  -0.682205  1.2
78  -0.737803  1.2
78.1  -0.78483  1.2
78.2  -0.822816  1.2
78.3  -0.851382  1.2
78.4  -0.870242  1.2
78.5  -0.879207  1.2
78.6  -0.87819  1.2
78.7  -0.867198  1.2
78.8  -0.846343  1.2
78.9  -0.815832  1.2
79  -0.775971  1.2
79.1  -0.727158  1.2
79.2  -0.66988  1.2
79.3  -0.604709  1.2
79.4  -0.532298  1.2
79.5  -0.45337  1.2
79.6  -0.368712  1.2
79.7  -0.279171  1.2
79.8  -0.185642  1.2
79.9  -0.0890591  1.2
80  0.00961276  1.2
80.1  0.109388  1.2
80.2  0.209268  1.2
80.3  0.308257  1.2
80.4  0.405365  1.2
80.5  0.499622  1.2
80.6  0.590085  1.2
80.7  0.675852  1.2
80.8  0.756065  1.2
80.9  0.829922  1.2
81  0.896686  1.2
81.1  0.95569  1.2
81.2  1.00634  1.2
81.3  1.04814  1.2
81.4  1.08067  1.2
81.5  1.10359  1.2
81.6  1.11669  1.2
81.7  1.11983  1.2
81.8  1.11298  1.2
81.9  1.0962  1.2
82  1.06968  1.2
82.1  1.03366  1.2
82.2  0.988518  1.2
82.3  0.934696  1.2
82.4  0.872734  1.2
82.5  0.803251  1.2
82.6  0.726941  1.2
82.7  0.644566  1.2
82.8  0.55695  1.2
82.9  0.464969  1.2
83  0.36954  1.2
83.1  0.271618  1.2
83.2  0.172182  1.2
83.3  0.0722235  1.2
83.4  -0.0272572  1.2
83.5  -0.125267  1.2
83.6  -0.220825  1.2
83.7  -0.312979  1.2
83.8  -0.400806  1.2
83.9  -0.483429  1.2
84  -0.560023  1.2
84.1  -0.629823  1.2
84.2  -0.692131  1.2
84.3  -0.746324  1.2
84.4  -0.791861  1.2
84.5  -0.828287  1.2
84.6  -0.855238  1.2
84.7  -0.872445  1.2
84.8  -0.879735  1.2
84.9  -0.877037  1.2
85  -0.864377  1.2
85.1  -0.841881  1.2
85.2  -0.809774  1.2
85.3  -0.768377  1.2
85.4  -0.718104  1.2
85.5  -0.659457  1.2
85.6  -0.593021  1.2
85.7  -0.519462  1.2
85.8  -0.439513  1.2
85.9  -0.353974  1.2
86  -0.263698  1.2
86.1  -0.16959  1.2
86.2  -0.0725872  1.2
86.3  0.0263395  1.2
86.4  0.126202  1.2
86.5  0.226002  1.2
86.6  0.324744  1.2
86.7  0.42144  1.2
86.8  0.515123  1.2
86.9  0.604859  1.2
87  0.68975  1.2
87.1  0.768949  1.2
87.2  0.841663  1.2
87.3  0.907167  1.2
87.4  0.964806  1.2
87.5  1.014  1.2
87.6  1.05427  1.2
87.7  1.0852  1.2
87.8  1.10648  1.2
87.9  1.11791  1.2
88  1.11937  1.2
88.1  1.11085  1.2
88.2  1.09242  1.2
88.3  1.06428  1.2
88.4  1.0267  1.2
88.5  0.980062  1.2
88.6  0.924831  1.2
88.7  0.861559  1.2
88.8  0.790877  1.2
88.9  0.713492  1.2
89  0.630177  1.2
89.1  0.541765  1.2
89.2  0.449138  1.2
89.3  0.353223  1.2
89.4  0.254977  1.2
89.5  0.155383  1.2
89.6  0.0554356  1.2
89.7  -0.043867  1.2
89.8  -0.141532  1.2
89.9  -0.236584  1.2
90  -0.328074  1.2
90.1  -0.415086  1.2
90.2  -0.496752  1.2
90.3  -0.572255  1.2
90.4  -0.640842  1.2
90.5  -0.701826  1.2
90.6  -0.7546  1.2
90.7  -0.798634  1.2
90.8  -0.83349  1.2
90.9  -0.858819  1.2
91  -0.874367  1.2
91.1  -0.879981  1.2
91.2  -0.875603  1.2
91.3  -0.861277  1.2
91.4  -0.837147  1.2
91.5  -0.803453  1.2
91.6  -0.760532  1.2
91.7  -0.708813  1.2
91.8  -0.648813  1.2
91.9  -0.581132  1.2
92  -0.506444  1.2
92.1  -0.425498  1.2
92.2  -0.339101  1.2
92.3  -0.248117  1.2
92.4  -0.153455  1.2
92.5  -0.0560608  1.2
92.6  0.0430927  1.2
92.7  0.143015  1.2
92.8  0.242707  1.2
92.9  0.341173  1.2
93  0.437429  1.2
93.1  0.530513  1.2
93.2  0.619496  1.2
93.3  0.703488  1.2
93.4  0.78165  1.2
93.5  0.853201  1.2
93.6  0.917426  1.2
93.7  0.973683  1.2
93.8  1.02141  1.2
93.9  1.06013  1.2
94  1.08946  1.2
94.1  1.1091  1.2
94.2  1.11886  1.2
94.3  1.11864  1.2
94.4  1.10844  1.2
94.5  1.08836  1.2
94.6  1.05861  1.2
94.7  1.01948  1.2
94.8  0.971362  1.2
94.9  0.914738  1.2
95  0.850174  1.2
95.1  0.778313  1.2
95.2  0.699876  1.2
95.3  0.615644  1.2
95.4  0.52646  1.2
95.5  0.433214  1.2
95.6  0.33684  1.2
95.7  0.238298  1.2
95.8  0.138575  1.2
95.9  0.0386659  1.2
96  -0.0604304  1.2
96.1  -0.157724  1.2
96.2  -0.252243  1.2
96.3  -0.343042  1.2
96.4  -0.429215  1.2
96.5  -0.5099  1.2
96.6  -0.584291  1.2
96.7  -0.651645  1.2
96.8  -0.71129  1.2
96.9  -0.762628  1.2
97  -0.805148  1.2
97.1  -0.838423  1.2
97.2  -0.862123  1.2
97.3  -0.876009  1.2
97.4  -0.879944  1.2
97.5  -0.873887  1.2
97.6  -0.8579  1.2
97.7  -0.832142  1.2
97.8  -0.79687  1.2
97.9  -0.752438  1.2
98  -0.699288  1.2
98.1  -0.637953  1.2
98.2  -0.569044  1.2
98.3  -0.49325  1.2
98.4  -0.411329  1.2
98.5  -0.324099  1.2
98.6  -0.232432  1.2
98.7  -0.137243  1.2
98.8  -0.0394846  1.2
98.9  0.0598677  1.2
99  0.159821  1.2
99.1  0.259376  1.2
99.2  0.357539  1.2
99.3  0.453328  1.2
99.4  0.545787  1.2
99.5  0.633991  1.2
99.6  0.71706  1.2
99.7  0.794163  1.2
99.8  0.864531  1.2
99.9  0.927459  1.2
100  0.982319  1.2
