-8.901 4.127 -0.555
-8.608 3.135 -1.618
-7.117 2.964 -1.897
-6.634 1.849 -1.758
-9.437 3.396 -2.889
-10.915 3.130 -2.611
-11.269 2.700 -1.524
-11.806 3.406 -3.543
-8.330 3.957 0.261
-8.740 5.068 -0.889
-9.877 4.041 -0.293
-8.930 2.162 -1.239
-9.310 4.417 -3.193
-9.108 2.719 -3.679
-11.572 3.791 -4.444
-12.757 3.183 -3.294
-6.379 4.031 -2.228
-4.923 4.002 -2.452
-4.136 3.187 -1.404
-3.391 2.274 -1.760
-4.411 5.450 -2.619
-4.795 6.450 -1.495
-3.612 6.803 -0.599
-5.351 7.748 -2.084
-6.821 4.923 -2.394
-4.750 3.494 -3.403
-3.340 5.414 -2.672
-4.813 5.817 -3.564
-5.568 6.022 -0.858
-3.207 5.905 -0.146
-2.841 7.304 -1.183
-3.929 7.477 0.197
-4.607 8.209 -2.736
-6.255 7.544 -2.657
-5.592 8.445 -1.281
-4.354 3.455 -0.111
-3.690 2.738 0.981
-4.102 1.256 1.074
-3.291 0.409 1.442
-3.964 3.472 2.302
-2.824 3.339 3.290
-2.746 2.217 4.138
-1.820 4.326 3.332
-1.657 2.076 5.018
-0.725 4.185 4.205
-0.639 3.053 5.043
0.433 2.881 5.861
-4.934 4.245 0.120
-2.615 2.768 0.796
-4.117 4.513 2.091
-4.886 3.096 2.750
-3.513 1.456 4.101
-1.877 5.200 2.695
-1.576 1.221 5.669
0.033 4.952 4.233
1.187 3.395 5.567
-5.342 0.925 0.689
-5.857 -0.449 0.613
-5.089 -1.221 -0.470
-4.621 -2.334 -0.226
-7.386 -0.466 0.343
-8.197 0.540 1.197
-7.959 -1.884 0.501
-8.019 0.412 2.715
-5.906 1.656 0.283
-5.670 -0.941 1.568
-7.554 -0.192 -0.697
-7.900 1.531 0.912
-9.257 0.424 0.964
-7.509 -2.555 -0.232
-7.759 -2.271 1.501
-9.036 -1.871 0.332
-8.306 -0.585 3.049
-6.983 0.606 2.995
-8.656 1.144 3.213
-4.907 -0.601 -1.645
-4.122 -1.167 -2.743
-2.629 -1.321 -2.390
-1.986 -2.240 -2.884
-4.292 -0.313 -4.013
-4.244 -1.171 -5.290
-5.576 -1.860 -5.585
-5.769 -3.044 -5.335
-6.532 -1.146 -6.152
-5.327 0.318 -1.763
-4.517 -2.162 -2.940
-5.238 0.191 -3.969
-3.492 0.429 -4.053
-3.993 -0.539 -6.120
-3.458 -1.923 -5.205
-6.389 -0.184 -6.408
-7.392 -1.635 -6.335
-2.074 -0.459 -1.528
-0.716 -0.631 -0.993
-0.631 -1.766 0.044
0.295 -2.579 -0.004
-0.221 0.703 -0.417
1.148 0.652 0.194
2.319 0.664 -0.482
1.508 0.564 1.606
3.371 0.560 0.411
2.928 0.515 1.710
0.779 0.524 2.812
3.599 0.445 2.938
1.439 0.433 4.053
2.842 0.407 4.120
-2.624 0.343 -1.242
-0.052 -0.908 -1.813
-0.206 1.425 -1.211
-0.921 1.044 0.344
2.412 0.733 -1.558
4.360 0.536 0.156
-0.299 0.571 2.773
4.679 0.418 2.961
0.862 0.400 4.966
3.334 0.360 5.081
-1.600 -1.860 0.967
-1.641 -2.932 1.963
-1.847 -4.319 1.342
-1.144 -5.248 1.742
-2.710 -2.645 3.033
-2.301 -1.579 4.069
-3.475 -1.323 5.018
-1.093 -2.007 4.914
-2.316 -1.137 0.994
-0.666 -2.978 2.445
-3.600 -2.308 2.537
-2.921 -3.571 3.572
-2.061 -0.649 3.560
-4.343 -0.992 4.449
-3.725 -2.237 5.560
-3.211 -0.549 5.739
-1.270 -2.989 5.354
-0.195 -2.045 4.300
-0.922 -1.286 5.712
-2.753 -4.481 0.360
-3.024 -5.791 -0.269
-1.796 -6.427 -0.937
-1.719 -7.648 -1.030
-4.224 -5.697 -1.232
-3.930 -5.009 -2.577
-3.682 -5.986 -3.736
-3.494 -5.199 -5.039
-4.563 -5.483 -6.023
-3.321 -3.675 0.097
-3.309 -6.478 0.529
-4.565 -6.694 -1.436
-5.019 -5.143 -0.731
-4.769 -4.390 -2.830
-3.062 -4.368 -2.469
-2.799 -6.562 -3.536
-4.524 -6.674 -3.818
-3.502 -4.150 -4.813
-2.511 -5.439 -5.457
-4.621 -6.474 -6.211
-5.442 -5.124 -5.657
-4.382 -4.983 -6.881
-0.828 -5.607 -1.355
0.466 -6.016 -1.905
1.481 -6.464 -0.832
2.545 -6.971 -1.194
1.033 -4.839 -2.724
0.672 -4.906 -4.210
-0.532 -5.051 -4.522
1.627 -4.815 -5.017
-1.010 -4.616 -1.291
0.319 -6.867 -2.574
0.644 -3.924 -2.320
2.116 -4.837 -2.650
1.185 -6.278 0.464
2.060 -6.618 1.593
2.628 -5.412 2.353
3.496 -5.594 3.208
0.265 -5.908 0.693
1.486 -7.214 2.304
2.897 -7.228 1.252
2.172 -4.187 2.055
2.626 -2.967 2.723
4.157 -2.802 2.654
4.710 -2.829 1.551
1.481 -4.089 1.319
2.164 -2.109 2.237
2.280 -2.997 3.753
4.871 -2.651 3.794
6.333 -2.533 3.806
7.058 -3.729 3.165
8.139 -3.562 2.601
6.740 -2.387 5.279
5.460 -1.952 5.987
4.362 -2.615 5.160
6.611 -1.626 3.267
7.091 -3.323 5.670
7.531 -1.647 5.403
5.443 -2.302 7.001
5.358 -0.867 5.929
4.173 -3.609 5.516
3.440 -2.042 5.246
6.463 -4.929 3.205
7.049 -6.179 2.704
6.897 -6.369 1.185
7.025 -7.488 0.697
6.458 -7.371 3.472
6.763 -7.264 4.850
5.535 -4.999 3.613
8.121 -6.159 2.903
5.393 -7.382 3.344
6.880 -8.302 3.093
7.707 -7.394 4.970
6.637 -5.290 0.434
6.389 -5.315 -1.015
7.332 -4.405 -1.823
7.082 -4.123 -2.993
4.914 -4.993 -1.265
4.431 -5.743 -2.358
6.509 -4.415 0.930
6.562 -6.329 -1.378
4.344 -5.236 -0.389
4.778 -3.934 -1.457
3.714 -6.324 -1.987
8.419 -3.920 -1.202
9.451 -3.116 -1.870
8.984 -1.725 -2.316
9.539 -1.177 -3.267
8.573 -4.210 -0.246
10.297 -2.987 -1.194
9.805 -3.652 -2.752
7.956 -1.164 -1.660
7.289 0.084 -2.054
6.855 0.916 -0.829
6.222 0.366 0.076
6.110 -0.243 -2.994
5.046 -1.171 -2.378
3.923 -1.592 -3.338
4.251 -2.811 -4.100
4.859 -2.914 -5.274
5.289 -1.864 -5.937
5.035 -4.095 -5.809
7.579 -1.676 -0.874
8.009 0.663 -2.630
5.634 0.678 -3.269
6.524 -0.720 -3.880
5.538 -2.059 -2.031
4.579 -0.652 -1.549
3.033 -1.774 -2.766
3.669 -0.765 -4.003
3.963 -3.694 -3.698
5.150 -0.962 -5.521
5.761 -1.962 -6.815
4.649 -4.894 -5.327
5.508 -4.205 -6.684
7.156 2.230 -0.780
6.782 3.088 0.345
5.261 3.331 0.395
4.586 3.165 -0.624
7.554 4.394 0.119
7.677 4.474 -1.401
7.820 3.010 -1.816
7.107 2.628 1.279
7.009 5.234 0.505
8.548 4.308 0.561
6.800 4.914 -1.836
8.540 5.066 -1.707
7.349 2.844 -2.766
8.876 2.739 -1.855
4.710 3.739 1.555
3.287 4.031 1.686
2.901 5.305 0.913
3.684 6.256 0.871
3.035 4.190 3.187
4.385 4.655 3.729
5.393 3.949 2.823
2.719 3.181 1.316
2.274 4.924 3.372
2.781 3.223 3.618
4.482 5.721 3.654
4.518 4.377 4.775
6.262 4.562 2.682
5.662 2.983 3.253
1.688 5.360 0.336
1.185 6.543 -0.353
0.715 7.607 0.655
-0.124 7.324 1.513
0.048 6.014 -1.229
-0.519 4.852 -0.412
0.716 4.275 0.272
1.961 6.966 -0.991
-0.697 6.770 -1.389
0.463 5.630 -2.162
-1.232 5.201 0.310
-1.019 4.114 -1.041
0.470 3.937 1.260
1.121 3.461 -0.329
1.271 8.822 0.549
0.852 10.027 1.285
-0.406 10.657 0.683
-0.387 10.916 -0.540
1.972 11.071 1.284
3.120 10.541 1.911
-1.341 10.903 1.473
1.969 8.961 -0.165
0.601 9.760 2.310
2.210 11.338 0.272
1.636 11.959 1.824
2.831 10.040 2.676
